1
476 2578
162 462
51 72
189 25
36 174
345 369
129 35
177 24
381 385
21 216
288 31
1 70
42 35
87 220
447 157
210 185
135 67
168 79
462 363
195 58
267 410
147 197
315 186
30 85
378 126
360 470
339 388
438 408
84 99
3 373
63 346
102 421
174 28
414 1
81 345
375 233
69 141
243 431
282 438
435 125
153 104
300 379
291 24
180 95
225 84
471 162
138 269
276 444
423 336
345 98
468 458
456 145
315 193
333 337
147 10
45 181
27 174
63 186
117 387
342 355
411 258
9 438
285 298
270 83
45 106
54 34
111 377
81 156
444 114
21 5
12 135
18 108
78 196
255 43
237 245
135 246
327 454
168 294
243 100
360 321
78 253
228 292
330 149
78 351
66 96
390 231
285 116
297 433
177 97
267 14
33 368
291 336
162 63
108 279
81 279
420 405
423 168
12 190
453 357
183 274
288 403
426 164
1 68
114 311
216 94
39 387
162 196
3 409
339 421
72 458
135 227
36 111
48 2
240 273
207 407
135 308
276 468
45 266
420 202
177 412
186 353
63 248
39 379
57 419
315 167
180 166
429 25
183 5
264 344
150 275
141 167
270 295
303 150
459 417
276 358
147 263
435 450
426 338
441 237
216 45
468 237
291 76
231 332
117 242
471 30
441 41
384 199
468 154
108 434
12 138
192 106
120 70
174 114
141 356
66 138
387 134
375 296
366 261
357 118
123 137
99 439
162 117
276 318
453 458
186 427
345 84
114 194
186 339
153 65
231 387
390 192
270 186
393 206
123 99
123 237
153 99
75 7
417 88
378 93
321 197
396 306
378 315
27 276
228 217
375 116
45 428
90 133
177 466
273 348
288 394
60 449
372 255
3 74
168 277
126 377
414 434
351 172
327 427
309 100
249 341
309 346
393 223
408 384
237 96
156 302
201 426
111 57
261 314
453 461
330 326
303 91
123 376
84 441
402 16
354 469
60 124
267 163
153 18
354 156
291 72
390 130
63 454
90 132
39 460
54 399
222 261
465 408
6 145
330 258
411 252
159 57
93 253
33 126
423 418
171 74
114 13
171 42
81 56
186 172
210 105
309 263
360 337
36 247
360 82
459 352
288 31
192 24
24 43
303 359
369 133
450 380
219 215
351 295
219 470
261 452
186 405
138 118
327 79
318 263
54 12
348 63
129 418
147 311
432 435
99 62
282 258
54 222
474 74
363 384
207 407
342 28
141 426
117 219
285 232
144 364
414 407
348 1
414 211
471 210
132 44
267 112
93 123
240 317
255 302
84 446
351 46
459 442
111 154
381 467
177 265
99 205
456 1
174 219
222 134
165 174
186 72
402 263
216 123
327 411
54 475
75 53
426 434
141 394
417 340
177 80
381 267
144 255
411 351
249 56
444 311
186 44
33 101
111 77
300 437
222 221
6 128
192 449
408 251
474 470
69 233
168 108
369 315
366 42
372 452
267 190
393 414
273 40
45 397
45 228
93 445
459 128
303 8
303 447
126 43
6 160
201 120
33 448
378 120
9 237
381 207
396 277
201 226
384 119
474 122
408 306
273 388
375 125
390 221
243 99
297 256
186 245
141 384
54 233
144 13
1 440
318 414
426 45
117 268
3 337
384 162
447 103
471 18
414 70
318 374
366 328
420 178
1 417
357 61
297 39
51 202
234 86
420 84
168 299
420 262
279 369
33 44
180 296
57 29
9 313
297 165
339 179
69 442
369 339
465 142
474 266
318 200
279 290
96 72
204 121
216 432
57 114
9 197
69 427
357 309
372 356
1 87
18 59
462 349
399 370
267 121
294 372
327 110
291 1
276 238
441 282
48 277
129 155
99 414
165 291
6 382
33 267
261 55
267 447
30 265
402 21
144 48
168 5
225 183
60 177
57 142
252 177
312 238
468 109
84 412
237 77
405 31
252 97
135 61
180 273
309 347
270 82
216 192
402 45
261 218
174 80
69 264
141 172
126 422
78 203
156 245
315 240
1 106
15 234
102 274
294 292
66 187
411 136
411 269
360 342
252 46
402 27
315 177
366 464
438 459
459 170
150 287
459 453
387 174
327 447
294 30
81 342
429 314
414 462
447 77
375 63
327 86
357 436
282 219
315 97
390 115
360 395
45 10
249 220
417 422
270 365
120 155
441 426
30 215
330 157
399 311
315 84
186 138
381 29
432 217
78 65
99 464
423 44
300 364
177 4
261 201
15 77
69 239
402 137
285 444
321 179
126 430
420 251
417 398
450 132
135 448
147 202
426 220
330 181
87 475
84 217
348 429
249 238
228 285
264 275
114 24
183 56
21 422
420 204
366 140
243 65
69 324
231 266
204 35
84 329
435 42
354 211
183 352
309 60
273 26
465 269
462 358
198 464
426 248
174 102
168 323
333 80
369 376
372 411
300 470
441 353
381 279
276 116
342 195
48 78
102 78
96 37
60 290
429 179
36 71
252 382
198 438
378 250
336 228
453 268
453 171
429 455
147 421
72 74
399 90
384 220
162 150
168 287
258 449
183 345
201 465
15 203
261 112
453 260
228 429
393 75
222 150
306 95
435 350
300 58
225 405
384 380
303 276
369 451
459 410
168 58
240 298
81 197
114 162
195 385
252 269
249 12
18 219
204 110
72 268
153 83
300 95
444 44
189 345
453 362
447 301
123 180
288 282
339 239
162 154
471 190
336 69
444 153
282 257
72 273
378 318
57 442
234 136
282 459
318 212
63 6
123 273
117 120
219 375
267 364
309 131
84 418
216 209
177 285
336 20
303 347
327 243
468 273
444 103
219 229
165 138
216 365
444 467
345 224
120 112
186 283
294 390
333 5
366 118
45 436
237 354
471 307
360 435
336 300
273 36
147 363
468 77
369 314
339 378
18 337
81 307
78 307
168 33
243 361
240 115
462 347
267 74
66 340
264 222
96 458
456 118
366 181
36 421
423 430
216 327
30 41
243 309
243 423
99 95
396 221
177 1
408 130
294 410
48 28
57 176
444 353
219 291
51 287
474 350
291 260
177 181
306 219
414 239
234 419
144 173
273 118
465 467
183 316
246 345
198 355
165 233
339 351
372 279
60 437
378 318
471 465
87 397
147 289
138 177
120 403
117 2
294 216
372 144
459 17
45 298
354 132
330 110
309 61
429 396
165 242
210 113
378 106
141 26
270 252
324 257
51 402
411 394
396 414
309 336
372 325
330 342
135 427
219 196
300 324
246 268
342 366
426 288
207 282
399 20
237 328
234 107
3 237
174 148
24 110
309 9
96 461
339 191
264 172
144 263
99 108
468 141
201 20
63 167
111 131
84 397
462 231
87 233
12 371
351 207
165 1
171 362
84 170
453 420
339 271
348 51
444 294
426 143
81 306
201 87
240 229
21 344
150 376
105 394
339 468
309 108
9 434
333 300
465 299
315 43
15 168
336 95
54 3
99 56
306 308
141 462
15 393
57 133
312 121
459 167
240 468
444 131
162 277
258 248
21 424
288 329
417 244
381 357
45 429
60 262
75 258
204 452
159 440
351 36
162 474
228 401
384 230
105 315
270 155
84 201
198 286
39 423
225 305
441 276
264 219
435 209
216 30
432 51
213 259
60 350
66 34
66 327
288 132
24 117
441 318
375 201
93 133
6 343
402 135
123 100
234 88
207 447
243 405
339 148
261 383
15 325
288 444
153 460
366 228
33 425
300 318
408 379
465 14
339 368
201 207
156 173
375 309
120 331
102 28
255 396
159 308
474 42
273 375
453 440
90 255
291 244
411 49
417 84
195 298
45 52
471 264
240 43
237 238
399 424
240 352
318 111
111 155
435 318
405 160
192 89
330 29
441 239
237 448
303 414
210 83
351 132
444 145
204 23
219 232
291 94
12 335
192 235
429 335
180 411
249 462
153 19
201 121
78 23
321 136
306 18
354 287
411 293
228 142
36 399
279 437
240 288
102 319
21 375
342 222
261 327
27 7
396 301
387 183
345 404
222 444
279 174
243 402
309 139
42 53
258 351
318 92
234 387
375 170
375 229
117 51
348 451
354 19
156 259
30 108
366 295
33 424
249 306
318 432
300 216
162 249
435 60
39 22
27 397
204 307
90 408
300 470
273 450
384 262
288 255
411 456
117 399
222 456
459 156
9 300
279 11
285 364
135 273
198 133
303 201
168 80
408 350
300 131
306 250
93 117
432 233
321 132
12 286
102 67
75 238
120 8
312 95
306 251
147 1
171 255
78 59
339 258
288 406
24 460
75 367
279 263
348 91
66 245
369 239
261 68
369 432
201 318
276 98
285 218
132 4
264 19
42 344
156 275
447 268
291 311
12 152
279 84
300 145
177 131
192 323
132 63
84 434
174 350
432 238
432 195
144 24
114 399
165 183
429 377
468 226
291 159
369 257
276 95
147 200
438 270
159 239
282 111
15 223
240 343
444 288
66 444
255 128
12 149
306 11
123 311
261 270
447 361
60 46
393 192
300 344
123 225
429 72
294 365
411 221
12 455
189 287
48 298
471 467
192 5
441 40
150 284
33 108
69 237
219 432
102 13
1 41
426 201
270 136
285 125
165 351
123 284
9 380
201 22
441 179
18 150
45 445
456 39
294 225
465 457
189 438
318 406
399 36
240 433
177 374
99 19
27 379
1 301
210 383
192 452
99 382
297 84
54 106
354 103
438 349
111 103
132 395
87 294
408 290
168 126
144 400
237 304
396 241
444 65
468 107
159 221
171 109
372 266
426 165
174 409
339 383
342 202
399 182
348 243
36 327
153 231
351 300
312 13
261 38
243 124
453 454
420 323
309 144
270 150
399 277
357 12
156 36
120 31
150 62
339 406
84 3
441 192
462 296
303 33
21 319
270 109
318 414
60 299
432 288
243 316
321 451
306 119
51 414
87 453
453 416
78 467
420 342
54 164
234 406
396 391
219 374
105 212
138 198
96 69
291 273
9 61
54 1
105 216
330 334
279 347
138 448
282 304
366 296
171 332
72 208
285 379
306 406
312 303
72 43
405 131
375 272
252 389
303 262
354 274
348 246
198 58
327 434
324 273
60 152
216 340
357 92
117 263
471 436
285 169
201 59
450 118
348 271
333 322
54 450
39 136
363 293
243 327
255 198
24 206
138 151
252 253
15 318
324 287
306 370
426 79
159 379
282 128
150 109
180 348
276 246
387 93
189 70
348 270
354 147
447 66
189 394
354 146
387 347
126 435
147 168
54 450
315 177
345 473
69 26
15 154
219 74
339 257
279 210
219 105
414 241
249 153
42 355
63 161
69 260
105 310
333 467
198 433
450 83
168 10
51 73
75 430
258 31
360 123
63 247
465 333
465 113
333 310
246 185
240 253
354 367
360 216
270 409
63 89
462 120
150 82
312 31
186 229
54 325
447 396
264 399
222 184
249 21
141 363
81 293
381 407
297 49
75 428
84 56
180 239
60 100
465 225
39 249
297 188
129 309
36 97
54 454
267 231
468 88
390 190
150 447
90 166
237 354
87 368
282 471
444 421
291 425
255 224
354 447
213 157
144 86
159 362
225 129
99 376
33 430
24 122
474 356
414 76
330 81
372 277
183 25
411 456
198 207
102 412
120 156
105 176
408 150
348 166
408 61
402 1
411 197
75 121
177 445
459 241
372 173
291 8
417 35
198 443
285 220
363 51
75 422
39 54
306 177
324 289
42 110
318 316
42 472
225 162
99 244
156 318
42 49
324 351
468 6
270 39
432 351
75 146
231 83
429 262
240 283
270 422
210 213
417 182
345 226
249 161
129 191
138 254
285 466
288 53
282 240
363 133
117 5
363 161
18 198
438 211
24 361
168 308
21 361
297 15
384 4
402 165
105 429
363 385
378 268
117 453
444 137
15 225
156 36
384 460
189 218
435 449
261 218
375 25
135 435
435 299
435 344
9 415
63 226
348 128
459 107
420 252
87 98
90 204
222 302
147 102
228 391
156 223
216 293
15 472
402 365
456 136
186 19
429 194
183 333
435 380
306 394
321 433
114 13
3 124
465 325
336 49
27 417
216 401
351 52
426 58
339 404
387 453
372 182
294 415
117 358
333 197
132 134
120 413
423 67
456 231
180 254
33 398
318 85
399 103
414 139
69 113
84 104
96 380
204 337
465 86
309 470
339 76
198 265
474 57
438 286
468 100
423 393
96 386
468 111
345 399
270 163
66 313
450 289
372 284
204 460
30 111
324 452
312 303
240 53
231 248
399 391
165 172
207 346
273 312
450 63
201 245
363 235
6 83
96 207
303 252
207 198
24 59
393 58
405 375
306 454
216 451
135 347
117 62
429 275
42 451
231 427
321 70
204 368
372 250
99 33
297 172
123 376
249 311
33 279
384 340
474 388
45 438
222 296
6 364
171 242
255 213
72 319
72 104
360 221
60 390
267 260
423 4
474 177
195 154
435 250
435 52
243 118
210 105
18 98
357 52
48 422
174 193
423 127
264 253
225 420
126 57
369 326
426 197
294 129
456 48
426 262
297 231
27 13
93 373
456 267
348 200
243 457
12 362
42 404
384 347
105 241
24 374
24 105
18 306
39 35
234 311
462 461
135 53
285 430
378 27
354 206
60 257
180 107
276 308
216 368
267 54
18 446
453 421
102 2
213 21
267 429
174 285
63 209
267 192
357 202
120 338
432 88
33 179
48 104
81 204
255 275
168 274
465 250
126 321
369 71
201 53
57 421
105 168
450 17
96 181
303 225
240 293
78 369
132 323
84 221
36 113
21 74
426 393
156 81
111 62
216 302
69 46
90 329
150 18
243 103
231 183
63 107
180 82
18 399
165 134
405 138
471 403
450 356
297 397
162 114
384 365
345 285
81 33
351 105
330 346
450 167
171 391
267 280
150 325
240 337
93 41
441 359
450 459
42 129
99 302
12 443
342 26
30 23
255 330
96 210
198 55
315 433
99 216
384 92
330 212
234 308
297 279
174 186
453 126
357 164
162 407
111 110
306 160
48 85
75 14
75 176
372 50
180 385
375 294
96 229
339 199
252 248
342 407
57 136
282 223
378 126
165 254
135 176
459 427
102 369
204 117
309 123
150 24
54 427
66 337
255 337
171 155
72 140
252 137
291 404
396 234
21 204
417 22
276 259
429 236
405 466
81 388
99 277
465 167
66 415
177 111
330 446
42 13
429 174
282 295
309 20
75 219
36 398
99 279
210 361
243 440
447 292
348 264
279 412
327 293
138 171
66 44
273 97
66 159
99 235
12 355
405 146
141 334
9 197
312 327
330 2
126 402
57 331
423 291
438 339
360 69
69 289
240 333
294 14
132 121
105 290
6 187
402 265
306 241
288 457
333 100
333 274
273 334
21 438
426 455
336 12
132 335
420 250
177 251
156 110
381 47
42 1
276 259
381 244
81 173
201 444
336 403
354 474
387 197
291 397
138 189
288 209
315 247
255 184
57 190
216 57
204 63
267 346
129 351
453 223
471 186
24 432
30 175
213 320
282 46
81 162
252 35
390 383
285 122
312 310
144 257
48 263
267 389
303 95
315 56
369 8
417 231
327 226
45 182
309 243
102 229
249 7
192 334
360 376
270 383
84 417
120 247
351 295
12 33
225 362
291 470
168 111
474 244
297 39
405 35
63 215
468 241
84 302
231 274
105 379
78 1
261 260
375 462
315 141
396 253
180 48
162 223
132 78
87 174
432 166
288 454
90 85
72 192
45 311
318 39
375 365
246 63
318 403
93 174
285 25
363 370
318 169
177 254
306 279
336 393
138 442
315 57
240 204
234 293
162 417
81 84
339 184
396 96
327 422
114 246
123 71
372 165
27 121
231 460
375 155
387 408
324 66
432 1
369 439
24 409
87 337
168 429
417 466
90 78
51 63
108 381
438 2
417 115
411 183
216 303
408 138
462 427
12 118
474 404
309 163
318 476
279 113
450 96
309 46
360 361
333 309
393 324
144 277
390 314
456 1
54 123
96 85
231 159
447 461
201 279
345 210
306 72
372 82
405 62
168 285
246 51
411 206
330 98
420 315
192 357
123 390
210 290
396 441
372 162
351 317
240 226
315 15
366 282
66 299
267 257
36 390
189 51
315 403
216 238
45 44
30 304
384 106
138 262
45 127
321 384
444 243
276 40
174 233
144 291
42 43
111 144
354 75
303 259
249 77
297 126
345 10
450 422
321 97
159 375
195 444
447 390
354 273
15 3
330 194
474 184
435 104
414 170
474 232
6 228
243 13
231 381
309 476
324 125
381 405
111 41
276 208
213 279
165 146
216 464
102 293
3 376
24 413
42 347
273 433
63 325
312 8
432 221
81 56
372 160
318 207
12 386
156 138
231 10
459 312
63 272
375 350
405 311
234 152
63 407
291 393
342 423
249 61
231 337
369 103
63 180
366 283
150 70
78 29
84 398
36 331
342 337
279 426
447 284
390 105
399 124
339 100
468 130
216 471
303 267
408 6
408 409
426 300
216 328
33 55
129 328
30 312
357 286
15 118
279 455
327 142
408 20
81 44
6 468
60 178
99 339
294 103
90 181
237 220
336 263
270 31
186 333
219 64
402 41
27 454
9 360
378 106
273 182
69 349
132 170
12 330
186 175
411 396
99 151
177 8
126 469
255 267
138 88
288 80
378 267
444 139
24 76
276 54
402 21
396 409
30 453
261 10
417 411
141 46
339 369
273 42
222 3
48 355
48 205
21 423
411 115
402 140
441 406
30 442
387 414
330 243
285 245
372 298
219 269
345 29
348 379
360 64
360 374
357 389
303 318
150 286
357 452
249 11
408 353
474 460
309 13
423 460
36 247
9 61
426 110
411 237
198 178
348 229
318 276
465 451
39 398
246 234
351 309
150 19
90 445
468 348
357 52
420 20
324 59
174 274
420 101
345 110
336 230
336 63
54 348
267 412
27 158
24 427
276 271
264 456
381 468
69 312
396 17
66 263
408 336
177 58
60 210
441 42
366 16
240 93
420 428
288 57
195 123
366 253
192 122
474 412
42 316
333 165
288 383
18 447
72 285
66 172
138 81
423 440
231 183
111 62
468 396
216 113
192 437
39 15
108 283
249 37
63 95
315 374
402 435
450 184
462 38
228 468
351 113
90 162
132 60
465 33
342 292
123 98
261 74
261 223
63 381
237 224
474 5
99 52
243 206
447 58
192 187
240 287
321 34
408 235
333 137
336 47
3 427
438 157
294 135
345 133
234 233
390 349
195 354
30 397
306 130
141 16
246 31
441 101
372 197
174 285
342 403
66 111
168 82
402 231
249 143
279 268
474 182
354 290
330 268
456 306
216 361
243 178
6 42
219 459
153 48
360 287
450 242
462 279
231 365
186 43
309 44
1 138
462 247
423 36
255 250
321 154
159 377
360 435
6 191
255 297
84 260
387 357
120 236
12 57
144 393
60 383
192 33
207 50
366 440
312 395
216 415
213 250
51 168
12 332
201 272
366 462
270 233
201 370
240 82
69 112
429 156
6 40
327 413
342 41
438 343
369 297
288 148
318 387
393 324
102 361
150 328
66 306
375 240
372 344
447 402
81 329
447 404
153 299
198 150
204 443
60 207
432 135
195 162
441 336
267 312
291 414
264 392
180 335
216 156
15 167
177 11
258 316
144 164
129 284
159 52
117 234
135 89
465 172
132 81
462 429
270 125
369 42
276 114
33 118
438 375
324 229
453 129
195 453
9 388
351 457
393 315
363 236
93 435
312 212
138 95
138 450
183 150
285 23
240 428
189 137
267 367
225 3
66 46
366 287
444 298
453 326
255 319
147 288
411 184
420 302
192 222
402 471
105 86
258 454
462 468
309 370
255 207
105 140
213 341
84 255
9 441
186 366
384 376
108 389
333 102
444 30
30 252
399 289
342 163
243 218
405 180
393 55
84 1
132 119
69 263
111 399
39 123
426 457
255 216
123 118
456 36
282 285
399 201
249 38
90 442
411 217
18 194
318 179
333 11
3 375
69 111
312 97
27 241
117 182
345 117
267 205
3 234
144 80
390 61
174 290
87 271
222 431
321 299
177 74
162 348
417 171
15 283
96 247
309 421
258 314
303 358
156 286
339 182
144 366
252 154
441 238
156 223
42 152
429 292
402 226
129 84
69 189
126 319
351 4
405 442
270 331
171 99
435 81
120 367
303 51
297 315
129 435
414 82
72 209
411 34
207 344
327 353
69 71
183 460
15 6
129 88
321 424
297 180
438 75
63 352
453 99
135 114
129 323
114 382
12 266
363 316
171 376
198 423
285 320
78 82
264 139
270 164
174 96
420 192
174 1
24 300
120 38
363 405
144 3
24 303
210 378
261 476
321 88
432 81
324 355
237 452
300 262
285 334
90 28
264 415
219 128
222 50
42 132
141 6
234 125
42 104
177 352
39 231
210 400
426 216
342 60
171 317
258 205
129 334
456 417
432 158
57 325
420 201
33 163
27 369
243 326
102 232
72 330
6 471
66 137
420 333
429 62
3 99
363 199
246 259
249 290
462 58
411 397
387 231
336 415
396 148
72 327
345 305
225 14
174 272
465 3
126 451
387 66
318 296
420 50
351 239
261 378
99 22
99 356
366 24
147 88
90 353
330 410
279 136
105 92
426 82
399 272
192 66
165 161
264 94
183 7
297 323
336 247
363 282
162 261
105 207
333 438
63 428
393 476
1 52
42 80
252 244
114 429
450 471
330 188
264 304
222 373
372 366
459 405
147 426
372 137
255 259
165 9
231 432
258 473
261 422
270 47
132 137
414 48
456 44
117 94
63 314
102 338
408 135
42 35
255 404
150 223
66 296
198 473
3 402
207 153
60 101
435 80
12 183
456 107
210 155
99 173
63 412
345 223
249 275
171 258
84 397
297 446
75 228
162 269
345 474
243 431
252 248
177 148
186 266
426 119
324 97
183 31
300 417
240 347
270 433
429 78
111 439
453 301
105 125
141 332
144 125
123 174
432 156
24 277
174 408
363 3
105 240
369 142
390 143
237 139
12 180
165 78
471 63
111 446
336 99
294 272
276 399
450 192
387 461
75 16
177 262
99 325
75 72
282 169
183 206
102 172
306 312
63 234
48 100
411 440
6 56
210 83
12 417
222 393
285 56
405 363
312 318
87 181
378 320
69 4
228 126
150 365
195 236
189 33
387 322
306 42
315 303
213 32
207 471
306 63
369 374
429 167
48 306
180 162
297 79
72 400
159 8
363 3
324 473
108 177
351 83
57 137
339 230
303 411
300 224
324 362
27 181
174 87
75 163
165 213
462 463
108 438
81 169
102 331
45 25
9 60
150 26
1 268
474 339
333 310
147 288
1 267
216 276
345 62
318 43
426 21
417 125
378 407
84 66
357 374
153 48
270 279
300 59
114 261
105 333
444 393
315 292
393 245
351 215
474 410
15 444
396 318
435 300
204 237
33 454
87 436
261 334
249 123
348 73
381 471
84 235
471 11
162 77
225 127
273 397
123 136
165 205
129 445
351 357
216 360
381 75
93 199
384 11
330 332
399 444
114 383
375 228
225 200
180 310
342 34
282 98
402 289
39 378
105 31
207 413
24 161
471 356
171 147
114 268
300 245
174 70
60 291
114 407
306 88
237 235
333 58
198 271
348 246
396 474
384 468
27 386
99 215
399 433
247
