1
247
875 5822
636 444
702 664
1 308
372 373
537 232
867 632
495 348
603 336
153 352
231 620
567 96
36 396
762 448
186 740
816 384
327 776
252 176
318 252
465 836
462 96
12 200
579 472
120 476
732 812
513 724
474 48
279 356
300 352
375 652
711 100
423 548
234 508
522 64
561 592
135 432
498 296
870 140
663 324
732 256
6 104
42 132
183 440
192 128
711 848
840 648
849 708
438 672
60 584
225 36
147 188
174 120
381 652
375 680
237 60
615 512
168 484
750 852
228 229
66 728
603 496
768 80
9 220
426 448
579 472
6 616
489 872
669 416
825 120
285 416
192 532
684 368
282 528
495 656
252 76
189 680
870 4
264 36
381 60
30 404
750 140
393 488
693 76
525 136
600 280
798 300
744 136
468 220
420 28
549 16
807 600
648 124
759 232
396 764
579 68
396 52
546 20
438 312
669 284
534 428
501 52
306 64
237 688
150 204
618 808
714 656
594 676
144 156
342 816
720 296
786 784
429 336
549 512
828 96
684 424
75 776
228 760
447 576
216 140
840 160
153 280
144 868
759 380
345 708
531 76
3 16
714 604
417 156
477 728
612 636
702 96
309 368
678 192
795 484
123 52
252 328
348 8
363 572
420 428
630 384
435 116
258 188
459 156
279 556
657 812
285 696
363 412
780 540
378 792
351 756
540 560
678 92
555 872
717 100
636 268
744 280
501 220
60 264
333 552
468 40
321 372
477 112
420 528
159 24
111 92
438 804
114 560
60 480
762 396
780 668
75 544
399 108
81 544
375 424
177 412
396 632
249 232
258 508
420 300
111 416
111 156
741 292
21 524
120 512
417 76
225 240
45 136
375 348
411 524
105 8
546 404
822 220
441 308
396 788
798 628
516 612
702 604
492 360
222 720
858 820
297 124
375 728
171 184
711 188
567 624
354 172
108 864
279 432
546 636
189 84
537 800
738 248
42 304
558 120
195 300
552 524
240 560
375 44
771 28
264 588
486 552
420 48
39 168
63 320
99 532
3 532
126 396
648 576
141 184
189 96
354 840
552 520
600 524
837 16
339 868
297 120
510 332
837 708
483 492
78 180
36 464
150 492
522 544
483 804
633 264
579 4
594 236
507 1
420 124
189 632
858 568
687 192
657 104
165 856
609 804
27 200
513 524
348 828
66 224
798 160
288 684
408 348
171 400
384 712
816 844
246 192
504 476
606 856
678 572
42 636
96 580
498 308
438 456
507 188
105 464
783 396
741 488
33 288
126 192
348 608
393 280
309 696
858 296
90 684
273 620
378 136
612 692
693 484
756 344
504 200
807 332
255 188
129 780
402 776
645 488
531 288
510 568
102 644
318 748
558 580
3 852
342 700
201 392
294 572
429 52
786 116
804 600
861 732
498 4
783 328
54 236
717 404
366 676
108 200
714 464
291 440
330 428
549 580
255 668
582 812
315 284
498 164
528 644
663 276
606 448
363 184
204 116
861 440
531 572
48 812
21 156
369 368
144 40
852 504
111 832
549 432
165 648
624 608
612 352
402 248
492 360
327 60
183 448
36 776
489 160
774 684
123 268
87 172
864 500
819 548
3 740
30 684
204 528
300 184
126 284
78 60
180 772
567 48
339 592
465 500
486 560
729 180
849 848
690 280
390 148
630 668
57 40
306 84
762 152
465 636
864 416
570 588
498 552
318 124
381 80
174 1
423 72
762 420
801 332
90 416
243 104
180 856
588 240
684 332
765 556
84 272
78 520
663 440
339 100
513 172
543 520
297 408
333 656
561 780
765 296
6 736
297 264
522 264
213 16
858 520
456 304
444 96
618 660
525 64
417 532
384 456
783 372
246 276
339 700
237 544
672 44
639 412
66 148
147 208
198 336
294 8
27 240
507 332
357 696
144 488
42 488
315 748
372 112
135 840
9 688
519 816
654 772
33 108
381 616
105 508
117 556
36 840
510 828
843 492
516 656
15 728
381 296
405 696
738 12
558 724
444 660
471 140
555 464
96 132
642 556
90 704
441 828
822 352
441 60
720 688
234 392
663 384
798 532
327 580
546 132
744 204
558 656
105 256
63 748
279 816
9 228
414 752
462 32
702 848
57 428
396 720
807 584
471 672
102 736
528 372
570 176
408 668
153 524
732 124
855 104
714 100
423 16
291 640
24 380
537 332
225 544
861 836
579 296
108 388
171 68
657 612
96 480
507 396
684 796
441 524
234 496
351 44
54 300
339 240
771 556
498 52
381 172
51 284
759 484
78 132
63 660
822 656
855 304
249 508
759 64
183 864
120 836
168 196
48 236
99 20
372 420
210 244
429 640
60 288
453 112
501 556
525 196
831 836
603 292
729 764
534 356
504 244
357 832
486 496
72 824
18 484
525 468
177 664
573 112
6 328
75 224
792 236
333 520
747 484
669 352
612 508
93 164
390 804
318 704
549 752
807 216
153 768
732 364
723 56
294 64
726 856
396 404
564 84
840 344
747 724
75 532
318 700
213 40
189 28
609 152
108 384
747 404
612 416
165 596
219 376
18 720
123 108
840 252
792 220
168 628
183 88
63 856
759 68
513 128
846 376
684 236
528 524
858 568
342 824
798 544
738 284
183 328
426 768
528 220
210 844
831 328
786 676
444 584
390 708
429 68
765 532
18 88
681 756
402 192
9 452
504 252
291 56
792 76
411 644
318 872
828 460
864 88
153 812
54 144
492 796
369 184
510 776
579 352
654 64
69 856
618 80
840 92
591 552
234 396
174 52
660 436
810 404
543 172
12 572
201 728
561 308
369 360
732 396
507 752
564 576
807 352
36 180
777 44
354 432
507 812
66 564
405 468
810 316
444 28
558 480
342 160
804 652
246 104
633 152
639 268
495 660
858 692
849 572
195 64
744 720
789 436
516 128
225 224
6 228
399 788
180 404
255 596
714 472
75 824
462 684
774 368
870 264
579 192
354 112
66 628
804 336
195 820
807 108
804 504
234 40
21 208
318 92
354 232
642 588
624 772
294 12
744 340
558 112
87 420
279 4
555 28
111 536
753 164
693 24
807 24
24 608
93 40
711 708
870 248
114 656
129 380
747 600
261 332
687 288
297 284
519 428
564 392
705 716
615 512
120 436
96 736
474 88
807 596
708 508
1 240
852 4
834 84
450 820
297 252
432 460
861 280
3 724
3 508
717 516
657 748
732 408
45 132
609 348
567 716
753 820
306 476
585 488
720 468
186 300
288 868
750 848
708 184
711 828
855 524
432 688
528 720
411 100
93 440
648 492
558 456
690 36
774 452
528 696
501 676
516 456
411 768
645 848
420 740
330 216
84 320
102 160
639 88
771 620
441 176
840 208
282 212
414 276
558 524
678 832
699 696
468 144
513 620
693 596
51 340
129 712
483 320
843 476
174 384
708 292
771 312
189 612
297 348
642 192
120 121
495 780
189 320
390 696
678 40
225 812
804 4
420 860
114 396
438 576
873 292
816 140
321 328
651 432
558 660
741 288
96 716
114 316
423 720
717 696
126 32
186 140
159 372
354 620
639 404
540 512
396 88
669 32
249 752
513 168
93 724
381 788
288 828
576 520
210 368
378 736
249 176
72 780
108 328
408 548
741 648
660 796
600 12
480 280
225 684
516 560
690 456
132 172
369 704
93 616
705 180
681 96
12 688
426 824
315 664
774 424
720 196
171 208
411 836
528 12
633 800
864 680
78 488
138 304
600 44
201 724
63 1
357 504
510 172
69 696
225 696
168 752
48 380
165 396
183 604
126 488
111 132
516 24
267 168
321 484
372 404
147 16
102 672
711 596
75 340
228 376
789 772
861 696
354 416
510 464
3 176
798 64
540 760
381 240
651 560
87 84
525 164
588 716
270 692
303 700
591 72
597 392
651 16
690 864
813 504
873 284
636 844
600 792
849 396
291 52
525 4
540 72
531 812
768 848
141 836
744 648
822 324
102 108
507 332
690 680
837 44
243 284
828 740
507 224
681 424
585 148
402 500
438 768
267 284
270 20
828 280
423 844
813 844
327 124
105 212
258 136
222 200
576 568
381 556
864 328
624 84
588 544
696 36
315 836
864 844
87 740
444 452
612 504
426 236
594 252
594 588
798 668
564 364
831 100
582 608
330 856
591 192
804 280
417 760
840 8
669 704
843 840
156 804
174 132
495 340
165 352
732 600
618 652
507 256
669 528
411 144
159 408
684 856
528 40
432 720
84 340
564 684
873 148
240 224
42 428
459 36
273 524
165 548
741 468
852 108
462 544
24 348
360 120
393 352
93 248
849 244
276 604
393 208
462 636
45 348
660 404
855 688
177 172
24 164
12 848
486 852
9 492
45 88
432 604
777 380
711 316
696 156
564 204
546 592
570 108
405 152
828 736
825 260
750 1
198 616
867 308
453 712
387 200
543 448
585 788
336 712
246 708
345 872
168 332
261 816
36 672
78 16
441 572
315 364
204 108
645 96
705 588
429 804
348 272
465 40
252 40
42 568
237 36
825 304
651 308
696 1
357 828
855 472
756 160
300 648
615 804
123 736
207 496
306 660
567 672
459 36
369 80
39 560
129 492
291 204
18 584
141 248
369 4
840 112
264 660
240 712
690 696
795 36
105 500
381 512
873 72
261 700
528 696
168 528
393 664
723 732
348 112
360 672
831 776
525 432
198 360
519 140
582 416
393 748
342 72
249 732
522 668
783 728
408 176
816 296
114 724
21 444
330 668
195 648
597 832
534 456
630 52
321 588
222 832
657 176
603 788
450 420
546 516
90 376
117 756
651 12
468 176
57 304
120 340
132 4
564 36
396 204
492 380
279 540
636 208
627 692
828 440
324 724
192 508
24 744
585 296
849 368
699 16
396 868
318 632
285 144
459 496
270 8
15 116
528 520
498 176
540 32
693 424
303 176
489 368
483 768
138 512
174 192
18 256
504 560
699 140
528 700
840 176
636 196
756 4
528 320
96 352
51 656
801 76
180 104
660 184
258 416
201 744
51 16
126 244
399 272
108 348
720 224
864 568
690 216
483 704
867 428
84 688
144 44
825 176
777 348
687 4
534 652
513 776
363 164
63 756
336 488
609 112
102 376
399 368
804 140
387 248
729 752
12 688
555 432
672 320
48 668
303 80
681 468
36 492
129 96
792 772
15 92
477 112
864 140
156 264
795 164
861 432
783 432
840 124
444 700
180 204
312 116
699 532
753 384
420 184
420 100
138 168
165 188
750 404
408 796
168 868
570 476
801 488
99 528
222 760
840 12
102 464
453 540
561 812
741 12
765 340
477 820
813 96
21 248
9 612
501 788
807 156
189 548
423 92
135 860
504 160
270 812
105 524
432 612
174 452
45 712
636 44
9 440
429 536
702 432
333 864
855 420
828 380
180 468
870 176
42 700
690 160
714 284
63 688
252 392
162 448
321 680
189 764
153 568
813 676
858 708
504 108
186 668
96 556
663 328
603 112
813 300
18 428
72 304
657 296
804 452
72 60
525 364
360 152
840 792
261 68
309 852
279 828
390 12
867 284
867 868
237 688
630 428
90 840
588 240
195 160
798 596
714 544
810 332
48 156
114 180
807 728
177 452
357 384
432 268
684 64
258 200
669 816
567 204
807 260
75 836
204 632
870 16
729 420
39 400
558 816
447 64
9 872
384 780
843 708
699 4
588 444
774 752
591 792
639 296
804 232
291 548
741 564
450 168
756 420
360 536
78 304
336 352
396 460
24 104
345 860
231 592
747 336
414 564
351 632
54 320
855 68
378 800
366 596
276 236
477 76
177 644
240 16
15 712
771 32
495 660
507 308
540 752
588 612
630 120
720 16
660 748
630 164
255 544
339 688
210 764
501 192
318 468
435 228
690 608
492 152
636 804
264 312
54 376
297 788
567 332
291 192
345 284
333 92
162 760
759 520
546 148
171 748
348 624
183 656
420 204
441 496
504 232
753 352
30 60
315 244
519 552
519 412
534 552
717 572
120 488
774 216
519 240
780 712
609 444
834 368
633 176
654 792
765 360
366 8
498 688
657 164
756 780
366 680
738 156
42 808
591 108
522 124
498 56
84 324
747 288
630 404
198 244
825 852
141 160
378 864
372 348
177 720
609 828
738 728
165 276
96 372
297 656
165 96
837 316
411 564
849 108
744 684
765 268
420 224
627 320
426 540
471 544
612 196
66 756
363 132
699 324
342 296
657 504
336 208
234 156
552 180
804 164
627 288
576 616
147 76
831 308
30 692
120 516
498 88
648 120
207 636
60 380
105 440
615 432
318 72
708 288
204 476
234 340
237 272
690 236
744 216
369 24
9 264
381 324
630 224
645 192
720 856
381 536
261 220
648 872
405 24
135 344
615 176
693 264
60 384
279 272
261 852
390 588
756 172
828 700
789 668
615 304
363 168
312 272
105 320
630 312
39 624
279 248
36 500
840 784
696 780
651 292
786 708
396 80
123 744
180 44
723 696
345 784
831 296
687 616
867 100
243 368
156 248
681 408
588 248
363 460
750 436
15 184
765 688
573 52
57 716
153 740
519 632
447 520
57 92
573 632
228 852
150 148
237 152
867 148
15 552
630 632
462 616
441 320
672 276
504 112
852 240
255 648
630 544
102 272
609 8
522 780
831 600
795 136
690 724
123 840
576 536
345 700
852 396
759 304
864 232
93 52
45 252
546 364
264 140
144 236
18 32
579 276
522 800
294 748
615 824
516 708
180 780
285 528
735 144
660 64
768 488
405 852
219 192
243 464
720 624
543 792
702 532
291 384
870 676
588 616
39 784
342 240
747 384
609 824
792 416
93 416
9 716
354 640
660 600
357 412
159 276
834 32
162 536
297 724
762 192
723 840
708 476
18 252
492 188
753 476
375 88
576 564
135 828
582 296
585 364
12 152
753 620
333 740
105 328
435 740
363 52
261 732
867 368
150 444
288 368
789 468
807 40
387 4
222 288
420 320
174 1
636 832
801 260
240 564
321 416
549 732
309 136
621 416
675 840
732 312
807 616
417 184
414 312
768 468
561 548
564 460
702 408
33 76
573 636
471 280
27 344
153 44
216 596
396 860
498 180
531 708
621 396
498 224
657 76
597 728
225 300
798 116
426 208
84 244
594 80
555 252
243 784
777 632
171 412
1 364
633 188
639 684
21 412
246 468
567 352
174 756
750 664
855 780
261 372
27 144
255 824
315 468
864 320
783 80
663 872
735 392
195 100
444 648
744 44
435 40
726 820
681 320
639 60
54 188
45 560
612 472
282 240
567 380
279 44
717 836
396 500
483 208
369 472
783 272
93 664
732 816
303 8
768 12
717 116
459 16
852 316
843 312
540 820
507 312
132 392
795 732
333 872
438 832
99 520
558 272
846 752
570 788
417 672
633 344
732 452
90 28
366 248
606 260
189 72
339 148
366 496
735 332
51 304
336 84
189 716
351 656
465 720
195 356
402 536
234 216
63 328
735 296
225 348
738 364
648 652
48 584
330 584
294 872
6 100
3 728
78 568
21 8
114 688
369 728
303 176
222 476
39 500
306 548
543 484
204 88
198 328
81 184
504 232
357 440
81 588
132 204
399 368
393 520
447 668
543 484
495 612
426 16
744 20
168 132
657 812
63 788
423 424
834 388
375 808
231 608
729 236
840 80
771 72
693 864
846 196
825 264
144 644
156 88
309 496
564 144
846 52
399 140
282 748
375 96
441 396
132 460
786 68
246 140
408 204
783 4
519 76
243 204
303 676
402 672
399 552
306 208
795 656
600 712
480 476
780 276
327 152
696 624
864 440
462 128
672 476
510 360
120 824
213 220
156 460
555 544
558 56
594 384
72 572
306 144
849 428
366 104
528 768
840 616
126 820
45 324
375 452
126 860
747 344
180 348
354 688
243 20
318 520
840 196
105 632
570 748
144 600
387 132
498 688
174 496
393 12
117 436
231 608
267 600
24 632
759 248
618 184
354 748
594 224
237 572
621 516
567 596
114 480
657 692
870 676
528 304
132 780
732 672
66 672
573 504
861 260
762 44
720 840
780 320
579 816
192 656
45 848
549 556
387 668
51 700
759 156
717 344
804 56
633 644
192 408
717 260
144 700
9 704
519 16
570 376
828 24
477 56
204 408
648 444
75 284
21 232
87 28
186 684
705 740
636 460
495 308
42 564
402 816
372 564
492 180
531 628
510 692
492 632
747 268
840 340
9 596
252 360
216 568
621 496
207 840
105 412
717 396
195 4
102 776
540 584
327 548
495 708
717 464
609 548
702 784
294 776
342 296
666 808
870 496
132 340
393 480
624 416
363 796
495 304
705 768
855 816
828 592
846 356
777 632
141 436
213 848
105 168
669 724
153 44
303 320
333 416
588 776
594 664
756 448
351 324
507 500
87 24
258 8
768 856
693 320
390 644
387 448
393 604
783 488
132 164
297 800
102 716
828 108
90 284
705 268
516 628
252 264
75 100
294 468
390 1
498 108
582 456
489 20
750 120
816 156
591 352
288 484
90 148
744 416
552 840
822 864
207 696
483 780
708 772
51 176
15 632
732 664
720 524
411 1
144 360
180 380
255 508
702 392
294 360
369 340
48 732
411 596
567 20
189 564
732 516
174 188
15 444
858 544
69 440
432 364
15 324
210 672
42 340
69 208
24 504
411 172
618 48
243 864
516 328
282 440
657 556
819 376
606 616
369 676
459 288
798 120
624 400
315 600
510 744
873 400
66 812
669 784
75 1
327 132
66 668
225 376
186 676
666 648
300 680
309 472
24 652
714 628
690 800
783 624
738 828
288 628
687 588
804 816
141 232
555 624
342 760
51 608
219 656
570 324
810 496
645 84
675 800
423 468
177 60
825 416
462 700
60 212
471 496
276 340
834 196
198 92
162 428
300 208
576 272
252 696
870 92
351 220
600 652
171 480
345 392
354 352
447 776
486 76
102 804
804 540
117 32
561 552
396 12
603 704
297 144
732 1
18 196
408 760
579 316
3 380
735 104
702 520
819 376
513 144
537 512
801 588
507 720
204 16
483 364
621 552
327 136
489 664
573 392
831 824
276 580
702 484
369 652
1 400
504 756
786 440
426 320
63 584
750 640
570 760
807 564
690 40
489 80
372 652
543 592
510 84
720 764
873 676
621 308
621 368
789 352
249 336
435 380
834 492
816 860
588 712
573 676
441 760
387 804
69 744
429 496
474 204
606 308
792 748
798 300
525 136
114 196
750 868
543 292
777 672
240 288
114 656
555 560
396 664
801 820
399 384
213 324
318 240
330 276
99 312
744 712
660 340
15 752
684 164
426 544
45 472
90 800
135 64
579 208
324 572
183 388
711 488
309 272
360 584
588 320
609 580
183 576
21 856
72 512
312 52
333 356
678 44
354 232
1 8
456 664
408 448
642 828
237 664
444 144
522 112
624 716
39 204
828 844
765 16
522 184
150 300
162 648
675 652
240 236
861 192
66 664
750 496
684 80
405 744
378 196
756 352
522 80
33 372
186 636
315 396
816 288
765 396
783 40
525 424
525 676
285 728
366 836
459 596
39 240
438 252
816 320
819 68
315 184
198 184
549 88
468 776
558 620
750 24
423 572
495 512
324 132
486 608
414 852
510 336
630 400
177 844
696 764
303 200
498 136
255 716
213 188
396 364
696 284
501 656
714 608
531 396
621 308
45 424
36 208
717 44
342 460
237 208
804 852
1 180
471 108
684 168
150 160
471 200
726 572
669 732
153 588
183 832
816 404
837 836
123 132
462 664
801 476
99 448
531 44
354 676
810 704
300 312
321 424
360 284
465 584
435 668
426 244
243 684
573 148
732 664
387 208
33 748
681 436
375 44
9 380
564 160
660 588
456 644
1 320
96 668
528 480
615 200
651 104
117 624
417 140
867 356
216 160
84 812
645 484
705 296
462 532
714 500
840 108
672 36
645 672
51 764
267 228
360 348
843 804
735 528
87 416
714 400
462 784
873 360
297 228
444 352
15 532
42 612
9 832
687 776
27 564
564 416
378 828
147 480
174 332
786 12
687 256
840 444
426 200
732 8
213 836
645 456
135 236
150 156
861 256
207 588
366 468
84 516
477 460
168 532
324 224
153 776
657 848
546 732
495 328
483 616
597 128
828 360
753 356
603 248
48 284
693 740
411 464
699 824
465 272
351 664
378 556
837 8
117 496
60 516
213 564
12 840
558 424
264 728
459 836
576 524
276 784
96 436
852 768
828 616
12 816
171 196
318 140
90 544
567 476
33 488
48 320
804 140
507 852
762 68
849 540
654 484
51 560
582 108
351 672
468 816
684 640
429 80
726 704
240 612
288 120
522 160
684 204
822 404
504 660
174 84
729 216
717 212
591 128
240 220
219 480
123 244
144 540
408 428
81 300
282 556
315 852
255 828
42 248
147 40
537 816
279 48
45 788
633 344
834 696
378 588
48 104
117 428
180 276
738 512
435 248
81 836
756 340
303 356
801 776
243 164
558 188
342 704
480 340
777 568
663 304
267 124
543 844
69 8
309 796
861 360
705 280
192 396
267 788
807 176
417 184
621 756
468 80
387 204
114 788
846 120
843 88
168 468
474 508
132 116
621 416
501 444
369 460
849 300
621 136
207 756
606 324
843 596
441 668
342 56
543 808
855 512
456 776
576 8
627 16
69 184
6 420
687 80
549 76
474 256
192 20
183 160
840 432
558 456
123 344
54 612
447 120
330 524
684 276
873 112
225 580
213 260
591 432
783 564
96 156
483 396
666 284
42 180
456 600
201 316
309 620
492 196
291 364
657 736
18 340
297 464
276 580
324 816
612 356
225 252
18 484
570 564
666 740
585 16
564 496
126 48
348 384
435 360
729 4
792 408
738 592
120 312
84 440
354 220
546 780
645 12
123 264
369 276
180 604
759 844
582 116
198 80
402 580
864 96
219 236
261 380
708 432
684 192
234 568
54 364
603 192
222 432
456 216
756 512
225 120
129 560
489 276
453 172
441 556
15 56
540 832
246 360
741 260
771 492
252 412
417 596
465 364
228 40
732 352
177 172
303 60
99 68
822 404
354 852
708 96
240 556
225 636
60 572
675 440
342 600
636 688
147 500
795 748
633 720
867 132
522 684
636 288
729 28
555 716
810 452
519 732
474 852
420 728
210 452
528 240
804 348
825 148
207 624
453 764
555 384
657 64
228 740
135 444
414 288
510 196
609 104
570 144
606 300
447 792
861 16
759 332
6 104
663 628
174 280
372 108
291 16
822 228
474 336
120 292
291 236
429 432
258 340
69 172
444 72
657 492
765 272
564 852
768 588
399 252
840 276
510 572
372 824
174 500
381 584
627 92
840 512
690 336
462 800
333 680
555 4
594 352
765 496
840 152
390 676
99 628
168 248
669 596
27 736
390 16
621 176
801 228
708 764
261 680
177 524
813 280
36 308
18 468
675 16
669 208
603 784
633 344
867 292
552 24
492 344
525 836
621 828
732 204
36 672
408 120
603 696
237 488
159 736
474 576
600 840
525 336
120 860
228 284
393 648
519 420
279 464
39 120
531 804
690 396
804 332
741 640
651 332
801 348
159 416
24 172
519 460
615 848
144 360
852 248
30 548
558 652
579 728
360 108
645 672
342 584
831 592
498 516
657 64
81 308
93 608
834 300
198 424
51 804
240 652
834 332
693 680
753 620
441 148
861 20
543 708
201 452
699 492
765 756
783 44
354 92
69 672
171 12
294 832
201 416
732 232
444 708
363 252
465 344
549 460
564 244
726 52
513 556
489 452
525 256
627 820
294 48
639 32
87 440
219 424
798 460
300 100
552 840
639 496
729 688
426 812
339 276
414 708
828 448
780 212
567 332
846 520
339 148
318 496
726 600
768 60
453 796
639 764
297 16
354 784
441 572
753 572
873 592
603 512
72 676
774 640
117 748
180 484
492 512
531 216
213 740
306 496
186 4
426 140
63 480
600 856
381 320
714 556
630 588
672 480
147 508
144 232
753 280
132 40
726 12
309 384
687 184
165 64
813 632
849 120
486 200
705 96
45 348
420 736
42 16
30 644
789 48
177 744
570 96
483 848
579 828
717 132
144 145
600 188
282 500
372 4
819 100
336 444
294 288
468 624
114 360
177 780
72 244
39 836
324 124
456 56
813 728
615 600
468 564
480 212
513 712
678 8
504 740
570 728
699 300
90 328
813 396
828 524
777 448
819 772
111 116
705 88
711 200
687 552
795 804
765 440
615 460
579 568
831 220
27 708
72 8
189 524
738 104
873 160
765 848
600 632
264 308
612 476
549 72
828 356
462 208
294 292
291 308
45 468
279 660
630 508
357 568
366 676
168 472
501 116
243 572
672 596
225 416
261 808
231 824
843 228
579 196
732 676
813 224
822 124
717 60
120 208
630 348
645 500
384 568
723 156
447 428
132 720
408 668
474 1
465 276
624 480
60 260
39 300
45 800
39 112
159 220
249 284
456 496
246 500
303 124
849 812
285 164
792 444
540 680
261 716
360 560
654 588
264 408
375 740
735 340
687 548
51 452
816 704
177 688
564 528
810 232
444 416
30 364
675 272
549 176
63 68
699 460
114 592
159 376
735 432
324 116
579 76
759 420
795 796
519 692
480 128
1 340
63 700
753 360
546 780
264 612
807 540
294 632
192 604
870 260
312 868
387 492
75 196
117 648
291 692
693 84
861 632
753 408
123 788
489 108
177 856
711 296
654 788
717 292
39 204
3 72
873 56
528 732
483 848
864 172
735 44
231 376
564 156
201 564
840 264
453 248
492 488
756 304
192 740
168 748
840 296
516 152
396 780
315 68
198 412
369 136
309 464
30 764
117 540
72 168
666 512
318 728
6 736
126 596
705 376
300 332
699 784
468 444
450 684
660 700
357 184
570 256
582 112
552 784
624 160
747 628
852 156
273 400
495 440
537 584
648 72
243 96
63 264
243 312
390 776
336 788
60 648
669 700
441 172
147 92
312 400
321 764
555 248
303 864
345 292
45 724
258 756
687 372
18 372
798 8
570 712
477 524
582 608
765 212
744 284
774 412
114 268
126 224
147 204
651 372
594 864
279 764
90 436
843 200
813 496
111 828
147 700
477 412
684 276
282 828
180 140
837 768
6 64
462 860
507 176
669 488
123 824
78 716
189 144
432 752
735 60
468 172
705 840
339 228
222 124
816 192
480 360
813 60
723 276
261 92
84 592
513 488
864 128
585 700
231 120
288 1
366 652
96 300
663 256
744 440
387 280
492 648
330 584
744 280
822 244
276 736
798 364
303 460
84 864
579 284
252 152
753 608
255 736
291 452
558 780
522 724
864 68
777 488
387 720
312 572
699 780
369 864
360 176
816 740
588 840
45 800
591 396
654 796
294 284
69 692
558 228
807 72
549 816
18 20
567 732
180 732
822 856
666 312
183 768
642 440
867 212
444 216
237 184
555 344
462 552
639 192
483 320
174 408
513 260
681 596
81 600
420 180
498 12
438 432
771 644
135 76
219 740
825 860
66 304
780 248
480 20
384 12
828 728
483 464
714 552
858 232
90 204
753 552
732 764
222 804
360 520
426 476
258 872
243 284
417 224
201 784
324 708
216 192
702 520
762 660
777 752
63 244
846 848
93 824
639 568
36 240
657 788
864 836
84 560
282 720
75 524
639 408
393 508
15 4
72 724
507 348
489 300
330 488
684 576
498 500
864 448
702 36
603 328
195 132
123 328
78 684
252 304
165 704
828 356
249 796
315 856
579 96
180 612
729 272
210 108
459 456
183 528
735 216
669 324
849 340
825 544
231 804
768 60
135 748
813 376
522 708
351 640
9 284
651 700
762 228
525 812
168 692
612 808
135 224
480 792
777 428
666 428
330 436
534 124
285 460
795 40
507 300
132 8
48 568
498 832
105 628
312 228
117 608
714 108
498 300
168 204
711 740
492 672
678 140
411 564
111 632
663 768
591 428
117 8
579 724
828 280
732 504
501 672
222 792
246 192
840 132
729 56
267 864
129 128
63 392
534 468
846 456
693 540
486 676
795 364
447 656
774 512
852 808
789 132
384 44
39 484
210 640
162 488
777 544
750 436
453 432
528 40
120 124
204 64
156 832
513 4
93 228
375 432
270 4
351 840
222 792
15 472
327 788
1 160
558 144
798 304
528 324
525 568
291 296
198 428
453 628
465 320
258 556
513 424
45 540
129 512
216 172
120 60
483 584
699 596
813 716
546 224
249 428
477 108
486 560
300 160
714 284
369 472
729 592
342 872
57 436
108 420
438 232
750 748
18 672
594 592
270 804
186 820
270 240
843 456
678 852
297 608
261 844
681 44
738 600
342 324
738 132
723 700
384 352
327 604
72 776
846 368
585 484
858 500
297 300
528 460
405 192
855 28
804 172
303 428
861 844
63 832
837 364
576 848
579 228
429 700
234 752
327 732
42 360
621 740
729 756
696 584
429 196
855 748
555 496
501 124
411 516
123 328
153 472
36 40
222 708
681 52
822 660
504 632
378 500
612 396
78 484
390 308
201 664
105 220
528 176
168 468
726 28
231 124
285 840
183 820
81 540
738 744
294 852
414 820
288 596
282 424
429 252
771 232
369 672
420 220
432 556
399 536
156 228
126 68
636 364
480 368
144 192
741 392
801 68
309 476
1 460
429 472
180 244
3 628
633 168
561 116
528 428
771 704
120 740
369 388
399 144
252 676
195 472
174 340
1 844
780 268
750 560
123 784
621 440
801 260
153 476
399 412
39 100
456 744
795 120
192 316
615 572
543 624
318 432
528 560
621 788
681 72
570 452
300 268
63 456
450 536
294 224
816 392
177 548
45 636
675 520
483 340
249 268
297 208
546 92
93 28
66 772
33 504
588 692
594 304
747 796
786 824
795 480
426 288
246 320
312 68
558 212
93 296
396 652
717 324
162 628
687 40
789 244
855 480
333 268
327 248
687 164
816 228
300 492
606 708
327 356
738 156
246 776
783 432
600 652
555 696
654 740
198 364
105 384
369 532
468 604
1 208
264 716
789 376
549 696
675 48
822 512
6 848
597 260
1 656
117 84
345 788
174 532
819 272
543 632
24 25
597 776
144 172
783 368
81 508
786 836
774 804
849 596
762 204
822 552
210 256
339 92
729 648
831 608
450 544
852 380
732 312
588 516
24 324
387 144
312 72
576 120
51 472
555 772
75 184
606 348
42 684
771 488
816 532
459 628
27 272
369 376
240 48
294 580
540 380
792 332
645 320
93 288
705 120
324 496
69 204
447 720
39 672
63 752
201 404
744 408
741 840
336 100
333 504
717 508
387 688
75 104
273 428
27 452
669 256
69 176
411 636
483 796
243 432
429 688
786 248
141 792
561 540
3 388
486 564
375 488
630 756
174 712
87 156
465 184
219 84
228 516
594 344
585 232
87 176
432 616
405 820
726 712
507 512
546 120
57 224
15 332
501 316
663 72
153 756
420 656
411 276
87 792
282 304
777 60
171 720
609 428
390 144
12 100
438 404
351 252
60 600
669 476
180 12
57 648
288 400
222 528
264 544
873 636
354 172
135 712
87 440
270 344
702 172
297 72
663 804
507 532
159 196
186 820
774 368
780 664
555 256
717 24
495 228
6 696
639 308
180 336
558 600
237 752
225 440
51 304
534 240
231 784
552 44
192 384
372 412
48 388
768 292
564 680
828 300
210 380
429 96
42 328
480 244
777 644
459 504
105 592
666 408
834 408
501 536
369 564
450 832
9 604
252 744
327 712
702 768
30 328
231 408
447 488
615 424
642 184
783 752
195 356
597 816
360 380
531 240
336 440
447 40
420 604
423 152
330 584
210 828
324 568
750 604
270 612
165 508
216 548
438 560
189 356
36 164
741 124
441 684
705 336
792 364
336 728
204 232
321 228
183 60
426 516
198 628
459 836
387 244
603 548
552 548
612 788
102 536
642 608
732 104
300 544
45 692
801 420
861 316
201 540
3 708
231 288
483 820
531 732
480 481
516 544
861 196
531 280
501 204
654 628
696 288
354 416
357 140
447 700
579 504
837 664
660 168
192 700
684 508
240 712
129 4
762 560
24 224
174 772
198 824
540 176
453 856
81 800
117 140
567 224
789 292
81 20
279 476
75 768
78 824
600 780
114 268
129 416
213 344
273 324
684 396
306 260
834 292
291 72
597 788
555 72
753 792
465 812
555 760
618 176
348 824
234 560
75 508
45 196
126 504
612 620
213 180
504 464
576 820
111 108
324 836
741 424
792 8
273 484
129 748
603 656
75 148
378 676
783 684
66 340
657 392
771 496
63 624
648 692
318 840
741 496
567 544
600 40
873 720
30 12
525 704
324 448
63 584
612 120
123 700
489 48
831 92
279 848
42 276
684 836
378 304
198 448
222 208
180 628
453 316
162 432
522 556
249 400
264 500
873 668
279 492
216 536
159 84
171 788
240 348
558 700
846 688
261 860
177 348
81 376
1 616
63 496
765 484
852 60
597 440
108 588
318 632
333 720
627 368
51 236
603 364
816 452
426 12
585 500
867 644
264 176
6 676
780 136
738 392
426 868
303 660
45 396
837 284
531 180
861 684
867 676
651 108
441 204
816 44
780 416
213 312
339 744
390 824
534 164
369 64
612 204
6 400
792 420
228 780
51 424
357 320
531 772
558 772
222 584
522 128
393 588
42 512
12 868
597 596
615 132
513 792
801 348
837 708
129 576
438 512
375 464
204 496
444 404
150 460
597 200
672 728
525 744
375 720
18 352
207 484
741 780
219 584
417 176
621 20
684 60
564 196
321 516
78 44
345 296
615 344
348 456
336 728
594 172
576 792
474 168
183 128
699 844
690 460
537 304
486 176
318 316
462 112
408 716
687 128
630 260
87 256
366 828
444 164
30 440
117 464
270 208
474 64
93 808
96 380
471 260
168 812
150 1
768 452
720 304
114 60
75 44
564 752
867 588
21 528
456 140
273 604
480 312
288 752
207 276
843 404
837 244
78 772
744 300
789 36
309 816
648 732
48 300
339 644
735 520
366 768
480 616
681 48
783 272
756 768
537 384
363 812
522 32
96 172
504 400
633 724
27 580
705 684
261 424
195 28
807 860
144 416
762 236
357 176
555 80
579 176
360 824
582 236
366 444
840 400
762 12
690 32
591 156
813 68
411 780
861 164
525 196
111 620
159 868
288 772
432 208
177 1
459 380
822 624
45 184
408 612
543 408
498 424
804 244
423 152
825 448
153 596
843 604
486 640
114 624
195 848
390 204
849 32
522 52
519 680
831 380
621 704
714 732
66 740
414 616
396 288
27 224
339 780
576 292
123 664
582 148
726 168
474 568
384 88
201 808
603 236
561 700
471 280
711 60
702 200
765 308
699 596
177 400
438 424
24 452
72 744
318 268
156 284
6 748
78 752
492 108
480 724
750 264
501 716
102 784
465 1
789 808
453 248
420 516
627 308
396 820
33 452
747 744
714 692
324 236
507 596
420 132
531 456
522 456
72 468
843 724
828 560
531 612
834 376
342 764
630 372
630 392
219 320
138 84
672 576
348 568
498 340
159 368
867 436
597 200
411 16
831 668
534 424
42 640
414 756
753 428
54 276
804 588
306 616
228 420
666 284
384 76
792 568
63 772
633 704
531 92
168 420
864 808
549 680
633 352
528 216
276 8
372 752
813 836
834 788
384 692
339 200
141 728
24 572
387 760
105 836
789 180
393 200
672 20
111 320
375 68
789 448
819 188
852 660
789 704
762 832
126 492
156 56
216 848
180 224
852 440
171 256
462 644
210 332
90 336
681 692
129 24
84 352
231 368
477 176
561 460
459 644
318 476
108 152
372 84
390 108
540 412
726 552
258 432
357 816
843 436
282 860
276 628
483 412
306 100
264 76
315 728
801 292
372 572
468 824
741 476
318 704
501 368
27 64
225 344
636 792
549 564
183 336
405 860
828 508
726 624
777 612
129 800
543 120
729 304
516 412
123 168
9 788
606 624
69 12
795 292
339 708
678 428
324 448
75 400
531 224
402 516
543 4
642 140
243 864
315 4
516 824
147 128
708 600
711 616
858 748
528 164
708 528
849 764
564 496
162 256
414 796
822 416
831 608
402 252
6 340
360 188
75 472
3 588
804 772
804 808
168 408
645 864
129 332
498 680
132 192
678 824
363 504
438 740
165 248
129 32
219 236
243 808
498 464
21 480
516 240
801 600
63 508
285 588
507 720
33 752
96 692
120 40
126 844
855 808
141 664
408 604
816 380
729 528
9 720
348 780
690 584
771 732
801 320
36 672
765 720
702 864
216 560
306 732
153 764
228 468
150 128
765 448
570 340
732 264
387 732
492 852
618 656
369 160
576 372
702 524
528 848
738 364
303 868
522 112
498 516
741 96
369 108
654 60
120 424
222 52
729 744
534 760
834 76
411 400
120 100
864 756
804 516
567 320
450 96
411 440
186 528
834 316
705 544
390 792
675 304
486 612
387 348
372 548
768 832
465 340
483 540
504 208
333 92
87 168
648 264
693 828
852 376
123 688
828 192
357 160
783 424
672 380
516 552
1 244
237 396
735 396
75 140
36 640
450 500
702 188
819 300
588 840
117 404
108 76
600 472
804 480
396 432
228 852
114 864
813 700
588 860
870 668
609 384
63 796
60 712
570 656
573 264
729 304
825 696
858 128
369 808
753 204
309 688
486 552
138 704
63 436
402 488
252 96
528 572
513 772
159 504
840 780
678 812
39 780
588 200
240 832
204 688
534 764
135 508
99 720
291 592
270 268
687 36
363 404
813 228
171 868
498 764
501 236
411 576
810 868
657 572
654 356
429 360
330 416
330 168
642 656
651 740
351 460
519 844
330 648
780 664
603 268
654 308
216 44
180 472
462 340
21 144
84 184
396 636
693 840
273 712
135 656
183 708
105 508
189 488
834 420
525 444
843 360
39 100
261 152
129 268
135 732
819 240
654 544
237 272
324 316
81 800
402 264
378 780
72 48
690 628
873 836
27 796
282 232
828 496
336 512
642 264
141 180
285 328
597 284
507 216
705 268
714 48
435 272
366 432
840 256
222 164
873 540
627 12
96 12
846 528
294 848
438 676
489 624
177 300
528 472
810 44
450 348
675 32
387 560
213 396
585 388
792 644
453 552
360 520
465 1
177 628
57 352
417 532
654 476
327 260
675 732
324 60
78 32
753 600
537 132
603 284
495 300
765 724
261 824
732 588
222 760
288 776
603 560
381 556
552 792
597 520
690 312
711 100
9 688
324 84
237 364
561 460
579 212
765 524
705 84
813 276
105 332
216 348
555 752
660 632
447 104
621 96
525 364
432 288
339 472
336 780
15 160
243 452
348 476
171 524
573 1
327 556
780 120
717 804
90 360
339 680
504 432
567 340
264 816
270 596
840 152
660 624
363 640
753 512
222 708
816 72
558 608
828 368
642 440
111 844
330 128
621 500
537 52
633 1
648 124
78 344
477 820
489 76
825 264
822 268
837 632
864 128
735 692
258 476
600 500
357 436
300 800
420 460
84 728
81 156
420 496
132 140
141 764
42 492
762 648
696 828
81 484
30 16
792 376
309 424
672 676
648 540
369 76
33 432
456 824
312 408
732 820
408 440
792 476
72 308
669 588
456 204
87 136
672 332
381 628
531 16
804 168
663 448
324 228
459 168
369 596
753 408
72 324
465 172
438 368
459 452
654 36
9 480
534 664
15 472
498 660
666 340
591 784
279 32
405 860
612 52
696 312
525 204
213 832
480 116
288 832
699 152
249 820
849 432
834 464
78 416
168 212
51 832
12 60
588 440
333 668
753 688
207 220
636 396
33 252
513 240
156 520
291 284
183 36
561 496
747 700
543 8
441 148
717 620
186 708
378 336
402 536
858 780
228 488
702 760
342 152
3 52
120 132
852 240
750 352
804 832
285 764
63 364
627 268
765 620
102 164
192 64
414 844
618 664
150 204
138 780
471 156
423 312
75 380
126 124
132 172
219 72
537 60
69 712
441 332
471 408
414 600
231 392
408 184
546 552
273 404
309 492
576 416
165 444
861 860
204 780
456 500
294 576
153 352
795 332
312 104
15 284
192 292
159 48
240 276
162 40
609 512
438 860
258 176
672 592
366 248
243 316
666 48
501 16
843 8
495 872
738 528
1 428
522 624
147 748
738 176
285 8
867 748
507 304
603 708
669 440
723 324
243 776
195 1
399 12
294 4
585 180
813 420
435 368
51 492
732 792
87 816
96 152
573 748
234 828
249 248
384 800
771 444
543 404
297 596
333 496
438 608
423 352
72 628
855 12
444 304
498 468
585 620
411 552
393 476
75 644
195 316
264 768
90 788
264 124
150 72
546 720
816 664
687 532
663 744
222 244
219 108
660 680
666 264
198 820
474 752
684 796
549 360
702 168
396 800
450 8
585 136
336 284
807 60
333 820
618 732
669 104
282 620
528 224
81 420
96 480
660 468
195 100
807 828
222 452
825 560
192 176
294 548
273 640
342 604
267 496
225 680
279 424
108 816
207 548
318 692
822 344
324 596
276 392
282 8
252 388
21 476
12 520
189 352
501 832
135 332
459 328
597 452
138 504
117 280
588 708
522 840
363 728
408 116
501 404
297 720
519 344
705 372
555 420
123 304
738 8
402 548
201 104
513 756
576 748
237 332
393 564
819 212
660 764
198 776
756 700
408 524
864 568
720 744
588 28
354 96
54 852
825 252
27 508
789 668
546 184
612 140
819 716
807 408
237 872
213 424
234 708
807 764
654 688
738 504
45 48
276 200
57 860
138 208
243 464
825 796
579 540
207 456
585 628
693 676
654 100
297 20
402 252
402 812
786 772
267 828
123 360
264 740
549 696
375 256
666 40
285 368
501 104
453 600
9 188
297 76
390 36
735 4
801 240
525 596
624 364
411 248
66 584
810 428
480 212
534 372
15 76
402 860
420 580
558 188
429 528
279 228
162 80
717 796
435 600
705 700
144 232
423 28
165 232
267 572
687 580
102 484
564 432
558 868
222 172
114 540
717 140
372 812
198 860
609 516
48 216
57 236
117 368
774 8
705 60
429 848
285 224
240 344
126 456
315 144
153 440
849 672
147 604
63 252
813 68
54 548
723 496
273 188
684 828
756 664
33 532
606 556
795 44
510 60
96 832
720 344
594 4
12 644
189 44
36 660
312 216
684 164
237 84
381 444
153 676
417 172
387 408
753 556
825 476
402 160
576 572
870 24
744 464
618 500
423 176
735 612
423 8
843 648
189 680
585 200
51 72
189 380
609 632
234 484
639 772
99 592
639 432
303 364
813 668
831 388
87 448
108 712
465 152
324 484
441 748
162 744
603 92
369 144
75 412
150 68
48 220
357 408
741 188
657 8
159 536
447 596
651 20
279 156
411 704
489 576
831 684
603 172
537 844
756 868
147 76
795 348
21 428
60 48
633 8
339 320
510 336
690 328
615 760
321 700
285 508
168 432
483 748
48 392
573 784
657 560
507 720
387 796
366 132
753 812
432 680
165 376
387 28
729 836
261 772
141 220
366 224
468 12
675 748
405 808
306 844
666 712
720 208
717 160
606 228
834 256
222 192
543 656
114 16
798 224
687 432
639 248
339 612
105 104
669 580
246 132
453 396
375 576
501 648
729 504
42 400
549 112
258 280
261 324
459 236
855 612
42 828
219 404
312 372
624 64
297 1
867 576
585 572
222 72
99 288
747 540
465 400
129 528
117 256
12 796
489 196
339 192
297 500
45 620
465 180
795 144
633 224
381 752
723 348
237 264
270 560
336 384
633 420
750 68
219 552
747 8
633 92
678 268
657 356
186 760
357 216
864 476
231 52
867 428
435 204
99 96
546 724
567 244
576 188
825 252
111 772
234 400
495 380
873 24
630 636
297 500
873 196
18 868
492 428
849 244
237 316
564 592
594 684
183 76
255 316
336 420
399 292
213 156
627 360
654 384
624 68
150 668
504 748
849 728
675 472
735 304
564 488
12 788
315 24
210 520
741 448
777 772
60 260
636 396
456 120
687 652
306 436
189 152
672 660
18 136
69 576
378 148
345 216
507 604
768 756
516 116
591 608
123 236
237 656
528 516
342 96
447 648
81 444
450 276
195 192
675 720
222 308
576 500
699 848
510 792
267 408
51 532
705 328
258 664
444 448
771 160
87 44
654 268
489 40
582 608
93 864
642 580
378 664
219 112
48 292
744 296
738 252
201 208
822 236
822 8
546 408
135 472
21 128
513 108
153 100
507 620
288 196
354 24
492 596
390 16
6 32
789 676
93 420
165 368
816 28
648 52
243 452
627 496
441 268
294 588
318 672
123 784
186 684
651 184
177 140
705 708
9 520
405 120
822 756
507 604
564 656
831 276
78 268
216 180
462 420
867 516
480 672
849 316
723 172
669 140
576 136
261 680
315 872
480 836
639 776
339 820
273 668
426 172
624 124
444 1
546 420
123 744
270 64
198 712
117 760
621 360
795 440
480 144
834 392
519 196
588 240
489 572
21 276
483 592
312 124
69 180
843 360
738 512
57 308
1 808
318 48
573 356
216 744
708 680
231 52
384 840
531 552
150 100
321 132
138 584
588 268
378 160
369 52
348 72
717 96
141 656
390 744
147 436
675 792
192 524
705 700
573 320
774 352
204 676
729 520
117 744
210 760
519 64
189 36
498 848
465 644
612 304
555 520
702 200
738 564
252 532
21 468
153 520
798 56
801 532
684 228
702 552
762 860
648 544
3 12
279 772
6 32
813 424
555 496
183 824
291 472
48 276
39 872
201 488
738 504
816 840
615 16
612 160
522 1
345 248
495 276
414 40
720 236
480 28
771 420
360 464
294 288
645 140
582 680
735 444
591 868
642 796
666 152
15 76
168 140
555 232
312 852
474 396
114 32
321 564
402 264
135 384
153 868
570 848
732 72
117 744
153 716
609 96
696 408
507 256
393 504
393 12
471 12
360 716
630 500
153 160
366 568
498 580
798 308
759 836
99 360
30 132
63 544
687 340
510 684
228 640
120 588
339 636
492 136
33 204
102 832
402 760
708 156
411 652
378 788
360 572
363 76
810 836
675 712
579 684
840 228
183 584
222 628
297 616
486 8
582 640
66 272
258 48
759 16
798 684
528 724
573 648
297 72
381 28
327 36
849 720
753 392
843 460
327 380
135 524
699 356
270 252
315 88
249 56
393 860
297 584
789 680
438 772
849 424
387 244
555 200
405 196
642 340
99 56
30 872
546 56
504 540
57 564
441 376
825 528
831 680
621 428
873 396
360 624
75 52
753 652
780 688
579 40
615 712
318 364
561 368
36 652
312 172
75 236
732 568
843 516
45 104
867 88
648 352
162 752
834 168
738 748
594 1
564 652
516 276
657 384
258 344
87 688
369 340
468 756
231 304
1 196
438 172
6 72
489 548
660 420
303 456
342 132
621 760
687 828
612 652
741 320
489 544
534 444
12 792
573 776
639 868
3 776
855 392
174 872
633 192
174 236
462 664
657 484
612 320
216 208
744 680
375 356
507 76
642 40
192 780
252 340
660 472
84 108
732 1
423 456
408 324
660 616
378 612
363 492
852 500
435 276
111 676
282 500
780 760
117 780
243 656
507 816
177 660
819 584
804 768
714 624
693 68
183 564
816 528
465 764
717 508
168 760
486 616
342 744
720 804
93 60
546 652
405 584
15 248
477 488
504 812
678 308
309 8
570 460
672 708
741 264
651 328
444 508
357 544
483 120
414 724
357 492
264 380
315 756
594 228
564 204
564 384
162 176
651 776
648 804
309 392
357 192
729 524
126 776
72 760
330 460
687 180
681 684
315 392
759 488
585 580
306 420
576 488
132 344
537 808
804 656
225 480
588 660
831 836
501 500
738 596
201 540
579 508
597 52
168 748
807 512
237 776
78 416
723 320
348 64
813 308
423 136
45 376
654 736
195 152
372 336
408 488
342 340
681 284
477 576
759 668
726 852
678 712
204 128
426 144
576 292
792 600
654 736
264 772
516 496
423 568
372 528
18 716
816 540
402 448
474 168
819 312
144 264
564 368
285 328
720 636
678 368
813 804
486 36
504 112
345 688
540 260
234 68
219 600
339 48
870 272
495 80
237 100
825 612
810 652
363 164
330 756
852 116
165 248
414 244
186 36
864 760
765 240
363 508
24 148
828 852
405 424
60 312
537 328
222 52
777 772
456 312
288 220
684 404
60 568
546 780
702 312
411 328
456 696
210 804
789 160
177 12
630 720
741 612
534 296
489 348
144 832
351 256
858 1
474 516
297 476
582 340
363 620
498 740
678 680
51 748
249 624
384 320
234 868
198 316
18 720
36 276
393 176
120 820
267 292
528 720
501 552
207 404
54 360
387 292
282 356
126 260
465 688
840 20
648 848
456 356
30 284
594 280
114 136
528 860
528 480
204 484
636 520
219 100
354 348
108 768
666 788
120 68
417 760
93 116
537 316
441 404
21 212
795 100
387 660
657 412
33 332
408 508
150 688
384 652
561 404
735 612
819 120
831 428
33 592
264 376
657 44
171 260
153 200
552 332
381 340
645 420
765 340
222 252
546 228
369 808
705 224
642 192
237 48
105 308
708 412
123 456
336 12
69 188
15 700
471 332
276 288
363 8
69 372
297 724
393 488
162 532
762 640
297 484
843 196
69 24
111 108
120 212
657 280
732 136
474 604
546 316
444 452
711 552
801 556
126 252
687 712
240 600
282 388
546 472
42 52
711 384
321 168
354 700
777 24
198 704
591 280
84 260
348 296
597 44
276 364
771 808
303 696
645 348
51 216
726 344
462 92
588 412
756 804
453 676
24 600
729 524
354 820
345 812
714 28
834 824
471 24
594 496
66 132
351 292
297 404
54 112
150 156
618 508
837 196
597 752
861 252
795 96
363 788
549 284
99 60
384 440
450 836
402 60
579 356
729 796
114 268
9 300
519 264
147 156
687 224
138 836
321 816
111 484
597 220
657 288
810 172
309 444
240 128
867 320
408 508
807 588
540 536
51 696
861 672
342 596
600 552
585 752
528 452
726 588
777 568
111 852
525 568
732 632
654 772
789 672
651 88
285 304
660 536
696 692
624 688
267 524
129 1
285 308
237 380
117 620
711 348
537 420
105 316
477 608
840 232
228 300
369 248
732 860
465 380
441 164
471 548
126 736
294 652
822 700
861 428
645 72
90 612
582 204
225 444
645 256
186 764
861 316
153 280
507 508
789 624
564 220
219 696
108 80
618 368
456 852
108 324
9 556
639 544
174 144
510 468
654 648
87 624
195 524
792 92
21 156
177 452
687 196
339 220
135 500
534 428
495 640
237 564
792 836
294 736
354 320
216 456
438 32
300 44
150 716
78 112
201 84
1 24
81 224
624 700
309 560
438 548
696 48
537 508
129 144
582 288
753 572
3 528
576 320
108 356
234 128
522 792
804 540
216 284
363 200
162 796
465 728
630 172
486 448
804 788
825 84
144 648
174 192
162 668
180 756
477 708
3 420
270 536
15 700
42 776
171 688
825 596
219 60
81 372
405 284
486 336
426 540
672 548
663 736
474 788
78 396
141 656
630 420
219 148
699 432
330 736
327 856
612 648
216 52
111 568
501 388
582 388
606 136
90 508
228 612
870 504
3 484
576 484
309 496
636 140
555 96
603 184
69 544
180 328
126 192
438 60
666 672
537 480
387 596
585 584
51 588
84 332
858 852
372 700
834 784
831 416
231 364
330 556
483 104
153 444
507 312
768 812
525 648
114 732
648 72
786 868
177 132
462 496
138 108
435 468
144 148
333 372
339 92
783 164
180 368
450 792
66 52
606 788
732 32
858 284
150 812
600 80
495 100
540 48
270 332
201 776
276 280
390 612
543 40
861 264
321 528
312 528
291 612
216 304
453 772
69 640
687 428
216 512
564 828
432 380
219 376
264 768
624 256
333 792
660 88
789 208
804 440
867 116
867 500
285 212
795 512
327 324
225 696
246 112
348 320
24 336
174 312
198 656
342 636
531 460
429 804
171 264
75 164
618 444
168 756
198 556
291 384
135 384
318 724
498 180
216 284
633 32
456 144
567 692
657 336
480 752
57 748
78 576
405 396
354 12
84 852
450 72
627 244
486 508
57 872
327 396
690 468
762 296
432 720
801 660
777 692
351 760
471 44
111 856
462 408
159 500
486 412
627 344
789 312
252 472
867 212
786 472
132 384
828 284
834 256
726 632
630 268
513 564
180 844
630 352
678 640
84 264
150 92
135 776
771 408
568